600
2 2 1 1
2 3 1 1
2 3 1 2
2 4 1 1
2 4 1 2
2 4 1 3
2 100 1 1
2 100 1 2
2 100 1 3
2 100 1 99
2 999999999 1 1
2 999999999 1 2
2 999999999 1 3
2 999999999 1 999999998
2 1000000000 1 1
2 1000000000 1 2
2 1000000000 1 3
2 1000000000 1 999999999
3 2 1 1
3 2 2 1
3 3 1 1
3 3 1 2
3 3 2 1
3 3 2 2
3 4 1 1
3 4 1 2
3 4 1 3
3 4 2 1
3 4 2 2
3 4 2 3
3 100 1 1
3 100 1 2
3 100 1 3
3 100 1 99
3 100 2 1
3 100 2 2
3 100 2 3
3 100 2 99
3 999999999 1 1
3 999999999 1 2
3 999999999 1 3
3 999999999 1 999999998
3 999999999 2 1
3 999999999 2 2
3 999999999 2 3
3 999999999 2 999999998
3 1000000000 1 1
3 1000000000 1 2
3 1000000000 1 3
3 1000000000 1 999999999
3 1000000000 2 1
3 1000000000 2 2
3 1000000000 2 3
3 1000000000 2 999999999
4 2 1 1
4 2 2 1
4 2 3 1
4 3 1 1
4 3 1 2
4 3 2 1
4 3 2 2
4 3 3 1
4 3 3 2
4 4 1 1
4 4 1 2
4 4 1 3
4 4 2 1
4 4 2 2
4 4 2 3
4 4 3 1
4 4 3 2
4 4 3 3
4 100 1 1
4 100 1 2
4 100 1 3
4 100 1 99
4 100 2 1
4 100 2 2
4 100 2 3
4 100 2 99
4 100 3 1
4 100 3 2
4 100 3 3
4 100 3 99
4 999999999 1 1
4 999999999 1 2
4 999999999 1 3
4 999999999 1 999999998
4 999999999 2 1
4 999999999 2 2
4 999999999 2 3
4 999999999 2 999999998
4 999999999 3 1
4 999999999 3 2
4 999999999 3 3
4 999999999 3 999999998
4 1000000000 1 1
4 1000000000 1 2
4 1000000000 1 3
4 1000000000 1 999999999
4 1000000000 2 1
4 1000000000 2 2
4 1000000000 2 3
4 1000000000 2 999999999
4 1000000000 3 1
4 1000000000 3 2
4 1000000000 3 3
4 1000000000 3 999999999
100 2 1 1
100 2 2 1
100 2 3 1
100 2 99 1
100 3 1 1
100 3 1 2
100 3 2 1
100 3 2 2
100 3 3 1
100 3 3 2
100 3 99 1
100 3 99 2
100 4 1 1
100 4 1 2
100 4 1 3
100 4 2 1
100 4 2 2
100 4 2 3
100 4 3 1
100 4 3 2
100 4 3 3
100 4 99 1
100 4 99 2
100 4 99 3
100 100 1 1
100 100 1 2
100 100 1 3
100 100 1 99
100 100 2 1
100 100 2 2
100 100 2 3
100 100 2 99
100 100 3 1
100 100 3 2
100 100 3 3
100 100 3 99
100 100 99 1
100 100 99 2
100 100 99 3
100 100 99 99
100 999999999 1 1
100 999999999 1 2
100 999999999 1 3
100 999999999 1 999999998
100 999999999 2 1
100 999999999 2 2
100 999999999 2 3
100 999999999 2 999999998
100 999999999 3 1
100 999999999 3 2
100 999999999 3 3
100 999999999 3 999999998
100 999999999 99 1
100 999999999 99 2
100 999999999 99 3
100 999999999 99 999999998
100 1000000000 1 1
100 1000000000 1 2
100 1000000000 1 3
100 1000000000 1 999999999
100 1000000000 2 1
100 1000000000 2 2
100 1000000000 2 3
100 1000000000 2 999999999
100 1000000000 3 1
100 1000000000 3 2
100 1000000000 3 3
100 1000000000 3 999999999
100 1000000000 99 1
100 1000000000 99 2
100 1000000000 99 3
100 1000000000 99 999999999
999999999 2 1 1
999999999 2 2 1
999999999 2 3 1
999999999 2 999999998 1
999999999 3 1 1
999999999 3 1 2
999999999 3 2 1
999999999 3 2 2
999999999 3 3 1
999999999 3 3 2
999999999 3 999999998 1
999999999 3 999999998 2
999999999 4 1 1
999999999 4 1 2
999999999 4 1 3
999999999 4 2 1
999999999 4 2 2
999999999 4 2 3
999999999 4 3 1
999999999 4 3 2
999999999 4 3 3
999999999 4 999999998 1
999999999 4 999999998 2
999999999 4 999999998 3
999999999 100 1 1
999999999 100 1 2
999999999 100 1 3
999999999 100 1 99
999999999 100 2 1
999999999 100 2 2
999999999 100 2 3
999999999 100 2 99
999999999 100 3 1
999999999 100 3 2
999999999 100 3 3
999999999 100 3 99
999999999 100 999999998 1
999999999 100 999999998 2
999999999 100 999999998 3
999999999 100 999999998 99
999999999 999999999 1 1
999999999 999999999 1 2
999999999 999999999 1 3
999999999 999999999 1 999999998
999999999 999999999 2 1
999999999 999999999 2 2
999999999 999999999 2 3
999999999 999999999 2 999999998
999999999 999999999 3 1
999999999 999999999 3 2
999999999 999999999 3 3
999999999 999999999 3 999999998
999999999 999999999 999999998 1
999999999 999999999 999999998 2
999999999 999999999 999999998 3
999999999 999999999 999999998 999999998
999999999 1000000000 1 1
999999999 1000000000 1 2
999999999 1000000000 1 3
999999999 1000000000 1 999999999
999999999 1000000000 2 1
999999999 1000000000 2 2
999999999 1000000000 2 3
999999999 1000000000 2 999999999
999999999 1000000000 3 1
999999999 1000000000 3 2
999999999 1000000000 3 3
999999999 1000000000 3 999999999
999999999 1000000000 999999998 1
999999999 1000000000 999999998 2
999999999 1000000000 999999998 3
999999999 1000000000 999999998 999999999
1000000000 2 1 1
1000000000 2 2 1
1000000000 2 3 1
1000000000 2 999999999 1
1000000000 3 1 1
1000000000 3 1 2
1000000000 3 2 1
1000000000 3 2 2
1000000000 3 3 1
1000000000 3 3 2
1000000000 3 999999999 1
1000000000 3 999999999 2
1000000000 4 1 1
1000000000 4 1 2
1000000000 4 1 3
1000000000 4 2 1
1000000000 4 2 2
1000000000 4 2 3
1000000000 4 3 1
1000000000 4 3 2
1000000000 4 3 3
1000000000 4 999999999 1
1000000000 4 999999999 2
1000000000 4 999999999 3
1000000000 100 1 1
1000000000 100 1 2
1000000000 100 1 3
1000000000 100 1 99
1000000000 100 2 1
1000000000 100 2 2
1000000000 100 2 3
1000000000 100 2 99
1000000000 100 3 1
1000000000 100 3 2
1000000000 100 3 3
1000000000 100 3 99
1000000000 100 999999999 1
1000000000 100 999999999 2
1000000000 100 999999999 3
1000000000 100 999999999 99
1000000000 999999999 1 1
1000000000 999999999 1 2
1000000000 999999999 1 3
1000000000 999999999 1 999999998
1000000000 999999999 2 1
1000000000 999999999 2 2
1000000000 999999999 2 3
1000000000 999999999 2 999999998
1000000000 999999999 3 1
1000000000 999999999 3 2
1000000000 999999999 3 3
1000000000 999999999 3 999999998
1000000000 999999999 999999999 1
1000000000 999999999 999999999 2
1000000000 999999999 999999999 3
1000000000 999999999 999999999 999999998
1000000000 1000000000 1 1
1000000000 1000000000 1 2
1000000000 1000000000 1 3
1000000000 1000000000 1 999999999
1000000000 1000000000 2 1
1000000000 1000000000 2 2
1000000000 1000000000 2 3
1000000000 1000000000 2 999999999
1000000000 1000000000 3 1
1000000000 1000000000 3 2
1000000000 1000000000 3 3
1000000000 1000000000 3 999999999
1000000000 1000000000 999999999 1
1000000000 1000000000 999999999 2
1000000000 1000000000 999999999 3
1000000000 1000000000 999999999 999999999
704993648 595827515 1 3
2 590064564 1 410727603
992439437 2 2 1
4 1000000000 1 809590669
569981406 4 2 2
1000000000 748176992 2 3
474573491 100 2 2
351511977 1000000000 3 1
1000000000 2 592728920 1
1000000000 889034323 2 585497466
100 999999999 5 3
377173489 999999999 3 1
100 3 98 2
400638252 4 3 2
100 100 3 48
3 387806766 2 3
699118378 100 371255050 53
804684832 197217720 1 153175513
4 625855660 3 1
999999999 3 132294377 2
207868204 1000000000 2 225202610
100 999999999 3 607160337
586838884 999999999 2 2
100 999999999 72 3
588175668 2 2 1
427727826 1000000000 3 1
100 2 9 1
779009402 100 3 3
1000000000 1000000000 301408972 2
1000000000 100 2 27
201238540 100 49757290 14
998645846 2 2 1
4 292678792 1 2
452792670 1000000000 2 115192647
515006471 3 3 2
163592637 549432548 2 110629430
803061495 4 3 3
713458743 999999999 1 232415301
100 397986566 65 2
100 999999999 1 913663288
475576299 79599546 62711377 1
404696558 1000000000 344580310 355699065
1000000000 100 99694839 3
3 637320062 1 460765579
3 999999999 2 217585714
3 999999999 2 478452455
999999999 1000000000 2 724564983
66434218 3 2 2
1000000000 1000000000 1 4469475
1000000000 999999999 90055928 1
999999999 1000000000 488516079 1
1000000000 723284552 647366837 1
543383962 764857696 2 41522173
4 308024713 3 2
999999999 153855548 3 2
630783940 100 3 2
999999999 4 627313199 3
135818523 100 127108945 1
606735969 100 574575067 9
19089712 3 3 1
365482087 971250614 97597 28576180
999999999 999999999 3 361042743
1000000000 84082569 375561153 2
914040527 100 1 2
999999999 489345280 108542079 3
160776118 100 1 1
671771882 1000000000 458242975 1
999999999 100 2 11
3 190048202 1 3
999999999 1000000000 3 233117279
1000000000 999999999 2 47219043
499812538 999999999 1 1
900930753 3 3 1
100 4 84 3
4 100 2 71
977912389 734778827 532290378 1
1000000000 3 198570665 2
1000000000 100 75322340 3
205684158 100 1 3
2 270189690 1 1
4 100 2 91
946260157 2 1 1
999999999 234259462 1 104118482
100 999999999 43 2
2 736436882 1 1
755742919 1000000000 2 2
4 410312616 3 176330867
759115178 100 3 1
632902334 4 3 3
1000000000 4 606716047 3
4 1000000000 2 374349453
259765240 2 1 1
1000000000 999999999 313743023 2
3 982500203 1 839934728
621335426 20082604 2 3
4 40276081 1 3
874810763 1000000000 1 903855415
3 999999999 1 701097245
100 1000000000 14 1
100 102245557 1 1
4 100 1 40
4 773392332 2 3
109588419 516866303 95880941 3
4 413460114 3 2
3 402700402 2 1
100 999999999 49 1
904027769 100 278679397 3
3 1000000000 2 174737436
1000000000 1000000000 711006329 2
100 470997877 1 2
999999999 4 90975763 3
880984255 1000000000 1 3
999999999 100 1 92
3 100 1 64
1000000000 760355100 2 1
4 198068727 2 2
1000000000 916764387 127932786 3
271589777 216429783 1 1
999999999 100 3 89
100 916630865 1 2
407111787 999999999 158724311 2
3 811153361 1 12686097
999999999 1000000000 3 780175482
422251405 1000000000 332267304 3
576202195 4 1 2
1000000000 100 450060632 3
688697997 456509775 2 1
4 142306207 2 3
2 100 1 66
100 100 2 80
100 999999999 1 4861357
2 477765917 1 413635441
632200338 3 1 2
999999999 388726895 726514352 2
2 1000000000 1 621800414
999999999 100 361399062 76
588778144 302958057 3 3
587962907 2 570433024 1
3 1000000000 1 197472206
945684593 999999999 725490874 3
377279890 1000000000 2 469488179
598618548 1000000000 1 2
100 351514573 1 3
900200350 242692999 164767257 3
1000000000 1000000000 990110168 2
100 1000000000 3 875437474
4 867643142 2 2
999999999 3 618585901 2
3 49194494 2 1
3 440178503 1 1
4 783105139 2 2
826551905 100 1 49
251333014 100 1 2
70829133 100 3 26
1000000000 634373833 687984129 3
126406469 999999999 3 3
999999999 1000000000 141127510 2
999999999 3 768481208 2
3 348674172 2 208198940
3 560442205 2 3
100 2 22 1
4 100 3 56
999999999 1000000000 38408940 1
1000000000 100 872721048 64
1000000000 352351844 795508322 1
100 616551719 3 3
1000000000 4 998306795 2
3 1000000000 1 638408569
270079655 4 13920983 1
245635459 1000000000 2 2
2 43534587 1 1
372315310 428364244 1 1
1000000000 445823784 2 2
999999999 4 618409559 1
349725997 3 3 2
513324740 2 1 1
809198703 3 2 1
1000000000 4 120887411 1
999999999 4 37069733 2
57695794 1000000000 17394064 1
100 39439397 2 35075686
76553835 3 3 2
2 999999999 1 235322552
1000000000 743670139 3 3
2 999999999 1 354427649
2 611627491 1 2
3 131597407 2 130390896
275678673 999999999 1 1
697757447 999999999 3 614333645
189832940 1000000000 2 3
999999999 396025382 2 2
1000000000 100 3 62
999999999 999999999 1 713021361
142421367 2 48241495 1
3 565428755 1 2
4 999999999 1 344277279
4 314723735 2 2
4 100 2 31
2 243229745 1 59406209
2 501785784 1 334445275
543390985 2 25843304 1
163708539 999999999 3 3
216458893 858261817 2 730048733
999999999 130079639 121158886 3
3 1000000000 1 859457977
999999999 734992451 64730372 1
249097053 100 3 2
2 475952396 1 3
990898699 2 1 1
100 999999999 2 217038469
702326696 999999999 3 1
3 332461468 2 3
3 999999999 2 930212147
999999999 999999999 13776769 2
903145896 4 200741956 3
1000000000 354487415 2 1
4 345870621 1 11170728
1000000000 527180352 2 1
1000000000 935367125 2 688653704
3 525092475 2 3
999999999 4 888595089 3
1000000000 100 3 32
1000000000 1000000000 3 165697225
843094006 3 3 1
4 21218471 2 2
999999999 1000000000 3 218565021
38475058 4 38289611 2
999999999 999999999 3 97982365
100 100 70 2
820459816 1000000000 228363612 2
241065083 1000000000 1 1
1000000000 999999999 2 756841576
1000000000 1000000000 244626410 3
4 911940777 2 39960172
100 492122489 3 2
3 750409238 1 2
999999999 919338507 247646166 1
3 999999999 1 419422452
1000000000 1000000000 432922762 516684653
159636198 2 132750702 1
999999999 306100163 2 1
406955220 100 2 1
564769898 999999999 3 3
100 1000000000 3 881233701
568263512 100 2 43
2 251894516 1 3
1000000000 293794518 859896680 2
3 929445484 2 1
999999999 3 976671636 2
269564282 100 1 3
204388631 3 2 2
312920545 1000000000 309279031 2
1000000000 1000000000 245797795 1
997867345 170075009 374134420 2
402854259 831040336 3 3
100 461180180 3 3
999999999 1000000000 534911742 345724526
3 999999999 1 79992930
1000000000 100 968047634 19
1000000000 100 2 16
268284003 3 3 1
100 999999999 57 187975571
4 999999999 2 471976874
999999999 878891013 1 3
4 249842301 1 1
4 1000000000 2 812085677
6565870 999999999 5153895 286487589
100 305987626 2 48247012
999999999 553819129 274277625 13275303
690839093 999999999 2 3
100 380837481 37 96807255
804494411 2 1 1
770491971 1000000000 3 1
501599341 999999999 2 3
100 999999999 83 1
999999999 999999999 470395372 2
